[gd_scene load_steps=13 format=2]

[ext_resource path="res://Player/Player.tscn" type="PackedScene" id=1]
[ext_resource path="res://Player/Player.gd" type="Script" id=2]
[ext_resource path="res://Terrain.tscn" type="PackedScene" id=3]
[ext_resource path="res://Target/Target.tscn" type="PackedScene" id=4]
[ext_resource path="res://Player/RayCast.gd" type="Script" id=5]
[ext_resource path="res://NPC/NPC.tscn" type="PackedScene" id=6]
[ext_resource path="res://UI/Dialogue.gd" type="Script" id=7]
[ext_resource path="res://NPC/NPC.gd" type="Script" id=8]
[ext_resource path="res://UI/UI.gd" type="Script" id=9]

[sub_resource type="SpatialMaterial" id=1]
albedo_color = Color( 1, 0, 0, 1 )
emission_enabled = true
emission = Color( 0, 0, 0, 1 )
emission_energy = 4.0
emission_operator = 0
emission_on_uv2 = false

[sub_resource type="SphereMesh" id=2]
material = SubResource( 1 )
radius = 0.5
height = 1.0

[sub_resource type="SphereShape" id=3]
radius = 5.52424

[node name="Game" type="Spatial"]

[node name="Player" parent="." instance=ExtResource( 1 )]
transform = Transform( -0.707107, 0, -0.707107, 0, 1, 0, 0.707107, 0, -0.707107, 42.7416, 0.826947, 18.6947 )
collision_layer = 3
collision_mask = 3
script = ExtResource( 2 )

[node name="Pivot" type="Position3D" parent="Player"]

[node name="Camera" type="Camera" parent="Player/Pivot"]
transform = Transform( -1, 1.51808e-08, -8.60946e-08, 0, 0.984808, 0.173648, 8.74228e-08, 0.173648, -0.984808, 0, 5, -8 )

[node name="RayCast" type="RayCast" parent="Player/Pivot"]
transform = Transform( 1, 0, 0, 0, 1, 0, 0, 0, 1, 0, 3, 0 )
enabled = true
cast_to = Vector3( 0, 0, 100 )
script = ExtResource( 5 )

[node name="Reticule" type="Position3D" parent="Player/Pivot/RayCast"]
transform = Transform( 1, 0, 0, 0, 1, 0, 0, 0, 1, 0, 0, 50 )

[node name="MeshInstance" type="MeshInstance" parent="Player/Pivot/RayCast/Reticule"]
mesh = SubResource( 2 )

[node name="lowpoly_scene" parent="." instance=ExtResource( 3 )]
transform = Transform( 3, 0, 0, 0, 3, 0, 0, 0, 3, 0, 0.25, 0 )

[node name="Target_Container" type="Spatial" parent="."]
visible = false

[node name="Target" parent="Target_Container" instance=ExtResource( 4 )]
transform = Transform( 0.853624, -0.332695, 0.400799, 0.270702, 0.940727, 0.204337, -0.445024, -0.0659297, 0.893088, -35.9051, 7.16269, 7.45301 )

[node name="Target2" parent="Target_Container" instance=ExtResource( 4 )]
transform = Transform( 0.984808, -0.173648, 0, 0.163176, 0.925416, -0.34202, 0.0593912, 0.336824, 0.939693, -51.0804, 7.89591, -28.2045 )

[node name="Target3" parent="Target_Container" instance=ExtResource( 4 )]
transform = Transform( -0.0593912, -0.336824, -0.939693, 0.163176, 0.925416, -0.34202, 0.984807, -0.173648, -4.10753e-08, -43.4981, 7.89591, -51.4986 )

[node name="Target4" parent="Target_Container" instance=ExtResource( 4 )]
transform = Transform( 0.772244, -0.506128, -0.384022, -0.037109, 0.567484, -0.822548, 0.634241, 0.649458, 0.419455, -15.9649, 4.24406, -37.5727 )

[node name="Target5" parent="Target_Container" instance=ExtResource( 4 )]
transform = Transform( 0.268411, -0.548925, -0.791603, 0.539051, 0.766639, -0.348837, 0.79836, -0.333083, 0.501674, 15.291, 2.51828, -13.204 )

[node name="NPC" parent="." instance=ExtResource( 6 )]
transform = Transform( 1, 0, 0, 0, 1, 0, 0, 0, 1, 42.7551, 0.558565, -0.959211 )
script = ExtResource( 8 )

[node name="Area" type="Area" parent="NPC"]
collision_layer = 2
collision_mask = 2

[node name="CollisionShape" type="CollisionShape" parent="NPC/Area"]
shape = SubResource( 3 )

[node name="UI" type="CanvasLayer" parent="."]
script = ExtResource( 9 )

[node name="Background" type="ColorRect" parent="UI"]
anchor_right = 1.0
margin_bottom = 30.0
color = Color( 0, 0, 0, 0.501961 )

[node name="Score" type="Label" parent="UI"]
margin_left = 10.0
margin_right = 510.0
margin_bottom = 30.0
text = "Score: 0"
valign = 1

[node name="Time" type="Label" parent="UI"]
margin_left = 512.0
margin_right = 1014.0
margin_bottom = 30.0
text = "Timer: 00:00"
align = 2
valign = 1

[node name="Timer" type="Timer" parent="UI"]

[node name="Dialogue" type="Control" parent="UI"]
visible = false
anchor_right = 1.0
anchor_bottom = 1.0
script = ExtResource( 7 )

[node name="Background" type="ColorRect" parent="UI/Dialogue"]
anchor_top = 1.0
anchor_right = 1.0
anchor_bottom = 1.0
margin_top = -30.0
color = Color( 0, 0, 0, 0.501961 )

[node name="Text" type="RichTextLabel" parent="UI/Dialogue"]
anchor_top = 1.0
anchor_right = 1.0
anchor_bottom = 1.0
margin_top = -20.0
margin_bottom = 10.0
bbcode_enabled = true
bbcode_text = "[center]Hello[/center]
"
text = "Hello
"

[connection signal="body_entered" from="NPC/Area" to="NPC" method="_on_Area_body_entered"]
[connection signal="body_exited" from="NPC/Area" to="NPC" method="_on_Area_body_exited"]
[connection signal="timeout" from="UI/Timer" to="UI" method="_on_Timer_timeout"]
